1.098982050000000044e+00
3.673139899999999791e-01
9.861282500000000395e-01
9.040655100000000166e-01
3.570000000000000124e-06
6.931287000000000420e-01
1.099409199999999975e+00
1.317547099999999971e-01
1.331052999999999924e-02
3.724119000000000040e-02
9.289858800000000416e-01
8.957495449999999693e+00
5.419700939569999719e+03
7.435146330000000248e+00
4.279292999999999986e-02
-1.590864700000000076e-01
-1.644127499999999964e-01
-1.689096300000000050e-01
-4.344139999999999807e-03
2.019649400000000095e-01
9.737229999999999497e-03
-4.268804600000000171e-01
3.874766900000000125e-01
3.928467000000000070e-02
-3.849325399999999897e-01
4.894252000000000324e-02
-7.300329899999999927e-01
-4.508908999999999834e-01
-6.326791099999999890e-01
-5.855677799999999822e-01
5.954792899999999944e-01
-7.974160599999999821e-01
5.176434399999999547e-01
2.845106900000000105e-01
2.451505499999999949e-01
3.799378900000000003e-01
-4.658261699999999839e-01
-2.053340100000000112e-01
-3.715281799999999857e-01
-6.659998799999999886e-01
7.621806899999999940e-01
-1.424904399999999960e-01
-5.435391299999999815e-01
-5.867356299999999525e-01
-2.172104300000000099e-01
-4.172137399999999996e-01
4.477884200000000203e-01
1.932247800000000126e-01
-4.153531899999999832e-01
2.288515399999999922e-01
-5.168604199999999871e-01
2.402384100000000133e-01
5.731644500000000475e-01
5.178669399999999978e-01
-6.095118400000000269e-01
9.660711899999999686e-01
5.353810500000000250e-01
-3.114686700000000030e-01
-2.231467599999999996e-01
7.253599999999999805e-04
-8.827656999999999865e-02
6.862919499999999839e-01
5.043264800000000214e-01
-8.017704599999999626e-01
7.293440799999999502e-01
-2.343309100000000034e-01
2.157578099999999943e-01
-9.851775200000000288e-01
-8.603234400000000504e-01
-6.261103500000000377e-01
7.190128799999999654e-01
3.242733899999999947e-01
-3.331786199999999809e-01
9.456781499999999951e-01
-5.021933100000000039e-01
-7.239008300000000506e-01
-1.489732599999999962e-01
-4.306506900000000027e-01
2.599798999999999860e-01
-6.712781700000000074e-01
7.819728500000000526e-01
-3.744647500000000129e-01
-2.972982000000000055e-02
1.182981000000000033e-01
-4.152063899999999808e-01
-1.704768100000000064e-01
5.463420500000000235e-01
7.486449299999999862e-01
1.716737399999999913e-01
-2.073824999999999974e-01
-8.108077099999999593e-01
-8.731999099999999681e-01
-1.284287799999999924e-01
4.456139499999999809e-01
-1.835662899999999931e-01
-5.788759700000000175e-01
6.057922599999999713e-01
-1.061322999999999989e-01
-8.761002300000000353e-01
-9.876804599999999823e-01
7.985122099999999445e-01
3.757394000000000012e-01
-7.041551900000000419e-01
7.824634000000000311e-01
-1.239576399999999939e-01
-8.921082999999999652e-01
-8.236933999999999922e-02
-7.980476199999999576e-01
-2.086843300000000012e-01
4.412009900000000151e-01
6.867053100000000132e-01
-6.833951499999999513e-01
8.916735900000000159e-01
-8.704285699999999570e-01
3.792601199999999784e-01
-8.556222700000000181e-01
4.692157000000000133e-01
-6.577402799999999550e-01
9.487397800000000325e-01
-5.591865799999999886e-01
7.495372700000000332e-01
-1.586394600000000099e-01
7.953475999999999602e-02
3.442509599999999947e-01
-7.216136699999999848e-01
-8.027652199999999461e-01
-8.600978200000000129e-01
-1.516257000000000021e-02
-5.296130199999999899e-01
-2.518433500000000214e-01
2.169022800000000029e-01
7.252807000000000004e-02
4.526712199999999853e-01
-7.795654800000000328e-01
-1.972622699999999896e-01
-1.450782999999999934e-02
8.652892599999999490e-01
-6.471346700000000229e-01
9.154241699999999815e-01
7.233175999999999495e-02
-7.324891000000000041e-02
-2.982891000000000015e-02
-3.800777999999999796e-02
-3.275601000000000207e-02
-5.099380599999999708e-01
4.666792100000000110e-01
1.894305500000000031e-01
-5.122347000000000428e-01
7.175622200000000284e-01
2.550067400000000095e-01
3.183024999999999882e-01
-1.973700000000000107e-02
-3.838716500000000087e-01
5.731510199999999555e-01
-2.866099999999999898e-02
2.478032300000000132e-01
5.675083000000000211e-02
-8.099959899999999990e-01
-1.930518300000000076e-01
-6.931580999999999992e-01
-1.046003800000000067e-01
-2.019967000000000013e-01
-9.531745400000000146e-01
7.972209500000000393e-01
-3.337329299999999832e-01
-2.414339000000000068e-02
-2.179401800000000111e-01
1.206061499999999953e-01
2.059886800000000073e-01
8.845872299999999466e-01
5.724102300000000199e-01
-6.456078299999999937e-01
-3.697202499999999725e-01
-9.189143300000000014e-01
-6.905705699999999947e-01
-7.222696299999999958e-01
1.746632999999999866e-02
-3.855304199999999848e-01
-5.512226599999999754e-01
-1.333074900000000007e-01
8.031300300000000503e-01
6.179691000000000489e-01
2.244025000000000047e-01
5.493183499999999553e-01
-5.642665100000000544e-01
-8.022950199999999699e-01
3.257921599999999973e-01
-5.469943800000000023e-01
2.538078100000000226e-01
-8.739282299999999726e-01
2.539146999999999932e-01
-7.363152200000000480e-01
-9.325651200000000252e-01
-1.654654899999999929e-01
-1.378581899999999916e-01
5.662102700000000155e-01
-8.583024200000000103e-01
-9.288098000000000187e-01
-2.272311999999999943e-02
7.560650599999999555e-01
7.826963599999999799e-01
-3.129305999999999754e-02
9.235216299999999823e-01
4.930000500000000230e-01
8.082739399999999685e-01
2.014693999999999860e-02
7.166741999999999557e-02
-7.302730899999999581e-01
-1.023713900000000065e-01
-4.001014900000000041e-01
3.033211199999999996e-01
-9.896184399999999881e-01
-2.092239599999999866e-01
-3.217657000000000156e-02
1.439995799999999881e-01
-6.126235199999999770e-01
-2.539539699999999733e-01
2.347613299999999903e-01
-9.982888800000000451e-01
-8.946097299999999919e-01
9.470511799999999925e-01
7.690710299999999888e-01
-9.575550000000000381e-03
8.950272400000000017e-01
-7.296282699999999677e-01
7.972643900000000450e-01
5.368331699999999707e-01
-2.869921100000000225e-01
-9.862277499999999586e-01
7.929906100000000402e-01
-8.571387700000000498e-01
-1.155666000000000054e-01
6.231165800000000310e-01
7.730220100000000372e-01
9.475345000000000295e-02
-8.066932999999999465e-01
6.310296999999999434e-02
9.053811499999999679e-01
7.743621400000000321e-01
3.569230000000000319e-02
8.629598800000000125e-01
5.738566899999999471e-01
-5.031742399999999948e-01
-2.485735799999999884e-01
6.222719500000000181e-01
4.631944499999999798e-01
4.926648399999999928e-01
-9.692920000000000424e-01
2.541345099999999801e-01
-3.115914100000000131e-01
-7.611998999999999849e-02
-9.325855400000000461e-01
7.732700000000000337e-03
4.589630699999999730e-01
-1.195862699999999945e-01
8.729339099999999796e-01
-3.600538099999999742e-01
-8.418622199999999944e-01
-4.196265800000000268e-01
3.295557299999999912e-01
1.128620899999999982e-01
-2.204054999999999903e-02
9.769145700000000376e-01
4.141443899999999734e-01
3.896789099999999895e-01
-9.268358399999999664e-01
-7.762019000000000557e-02
-9.048594300000000201e-01
-9.971030499999999908e-01
9.853716900000000223e-01
-3.967008300000000043e-01
5.854245300000000540e-01
8.645332000000000017e-02
2.347524000000000000e-01
1.492236399999999907e-01
7.561061500000000324e-01
-2.996073999999999959e-02
3.338505900000000026e-01
6.113161299999999576e-01
7.340548399999999862e-01
-1.524385299999999888e-01
-6.876990499999999784e-01
6.617606999999999795e-01
7.925707199999999508e-01
7.635012500000000202e-01
-8.320780399999999632e-01
-4.953260700000000072e-01
1.009214999999999973e-01
7.717330199999999918e-01
-2.344144700000000137e-01
-4.122229399999999822e-01
-5.143705499999999819e-01
-6.769045900000000282e-01
2.488901000000000030e-01
9.243968900000000266e-01
1.511228000000000050e-02
9.084701299999999868e-01
3.345049800000000073e-01
-3.870050800000000013e-01
-2.259652400000000116e-01
4.522823499999999997e-01
4.217510500000000162e-01
-6.841337100000000060e-01
-9.215334000000000025e-02
-6.275722599999999929e-01
9.641521499999999856e-01
9.325822799999999857e-01
1.277161199999999885e-01
5.895436499999999747e-01
7.396748100000000159e-01
-9.102493999999999863e-02
-7.689391700000000052e-01
-2.878848600000000202e-01
-2.731793999999999889e-02
5.604183000000000359e-01
-6.498308299999999704e-01
1.434719999999999919e-02
1.499862799999999996e-01
1.080944900000000014e-01
1.597795200000000082e-01
9.765722999999999765e-02
4.290868400000000249e-01
-4.570862900000000062e-01
-8.663564700000000451e-01
-8.976145100000000321e-01
7.307428799999999836e-01
4.504753699999999861e-01
5.357133499999999771e-01
-7.896791499999999964e-01
-6.637643500000000030e-01
4.036884299999999870e-01
-6.295353000000000199e-01
-7.011372099999999552e-01
7.136547800000000441e-01
6.214338000000000362e-01
-9.395298800000000394e-01
4.265502099999999852e-01
-5.608037999999999912e-02
-8.844770600000000371e-01
9.654032299999999456e-01
-5.395854599999999612e-01
-4.269346700000000161e-01
-5.266837500000000061e-01
3.829679799999999856e-01
-9.492697500000000232e-01
5.927197699999999791e-01
-6.104528799999999755e-01
8.311520000000000019e-02
-4.179984500000000214e-01
3.894943100000000102e-01
2.306748899999999936e-01
5.995726599999999795e-01
4.839361699999999988e-01
5.046108400000000049e-01
-8.355908300000000066e-01
4.531286999999999954e-01
3.509385300000000263e-01
4.141386899999999760e-01
4.896523899999999929e-01
-7.033463800000000488e-01
-6.350078599999999796e-01
-7.944289399999999723e-01
1.620000699999999960e-01
-3.354680600000000124e-01
-3.281203999999999787e-01
-6.534146199999999460e-01
-5.254523700000000019e-01
9.347145500000000329e-01
-2.216379900000000069e-01
9.705194099999999713e-01
-5.505742599999999820e-01
-4.115210000000000257e-01
-6.030008399999999824e-01
1.645069999999999996e-03
-3.658434899999999934e-01
5.690334500000000517e-01
9.698464199999999868e-01
-2.746803999999999912e-01
-9.727257599999999949e-01
2.891064500000000148e-01
5.716544500000000362e-01
4.718818200000000074e-01
8.596300700000000239e-01
1.789236899999999963e-01
4.102580399999999905e-01
-8.403267199999999715e-01
-1.282851700000000039e-01
-8.747172000000000280e-02
-9.537188199999999672e-01
-9.585354099999999766e-01
-7.891171500000000449e-01
-2.069426799999999900e-01
3.946739899999999746e-01
1.875942100000000112e-01
4.649866799999999856e-01
-5.890537099999999526e-01
-8.656105899999999576e-01
-9.294072399999999678e-01
-3.723459499999999811e-01
1.412355700000000047e-01
1.997420000000000185e-03
-7.959148499999999515e-01
-7.251874200000000270e-01
7.406134100000000275e-01
-4.824572100000000252e-01
5.395924899999999802e-01
1.380309200000000014e-01
9.949100100000000113e-01
-1.920541199999999948e-01
1.219159100000000023e-01
9.972504100000000316e-01
5.948061199999999937e-01
-7.703497000000000261e-01
8.007077799999999801e-01
4.162402399999999836e-01
-7.659212800000000376e-01
-7.615003599999999873e-01
9.299340499999999565e-01
-1.258410000000000084e-02
1.779378400000000138e-01
-2.091368399999999905e-01
-1.094535900000000034e-01
-5.984110099999999655e-01
-8.373931199999999908e-01
-7.851313199999999659e-01
